size_inputs:         4 # rozmiar wejścia       
size_outputs:        5 # rozmiar wyjścia       
size_neurons:        6 # ilość neuronów       
size_weights:       21 # ilość wag       
size_convols:        1 # ilość splotów       
       
weights_penal: +0.001000000000000 # kara za duże wagi       
signal_penal:  +0.010000000000000 # kara za duże sygnały       
       
rnd_seed:       +1 # zarodek liczb losowych       
       
weights:  -30.000000000000000,  +30.000000000000000              # wagi                   
  weight_0:   +0.000000000000000,   +0.000000000000000,   +0.000000000000000, # waga nr 1
  weight_1:   +1.102162832564276,  -30.000000000000000,  +30.000000000000000, # waga nr 2
  weight_2:   +1.131308431564026,  -30.000000000000000,  +30.000000000000000, # waga nr 3
  weight_3:   -0.812482880928148,  -30.000000000000000,  +30.000000000000000, # waga nr 4
  weight_4:   -1.526437921286074,  -30.000000000000000,  +30.000000000000000, # waga nr 5
  weight_5:   -0.004607538900775,  -30.000000000000000,  +30.000000000000000, # waga nr 6
  weight_6:   +1.513109758002310,  -30.000000000000000,  +30.000000000000000, # waga nr 7
  weight_7:   -0.509962850123145,  -30.000000000000000,  +30.000000000000000, # waga nr 8
  weight_8:   +3.266014481865988,  -30.000000000000000,  +30.000000000000000, # waga nr 9
  weight_9:   -2.410993154017441,  -30.000000000000000,  +30.000000000000000, # waga nr 10
  weight_10:   -4.462653775442698,  -30.000000000000000,  +30.000000000000000, # waga nr 11
  weight_11:   -2.224182541809983,  -30.000000000000000,  +30.000000000000000, # waga nr 12
  weight_12:   -2.991165078475092,  -30.000000000000000,  +30.000000000000000, # waga nr 13
  weight_13:   -1.699020396426303,  -30.000000000000000,  +30.000000000000000, # waga nr 14
  weight_14:   +0.002177529047877,  -30.000000000000000,  +30.000000000000000, # waga nr 15
  weight_15:   +0.796091002660398,  -30.000000000000000,  +30.000000000000000, # waga nr 16
  weight_16:   -0.067212745817424,  -30.000000000000000,  +30.000000000000000, # waga nr 17
  weight_17:   -0.702823519499711,  -30.000000000000000,  +30.000000000000000, # waga nr 18
  weight_18:   -2.450463582479098,  -30.000000000000000,  +30.000000000000000, # waga nr 19
  weight_19:   -0.541270241731920,  -30.000000000000000,  +30.000000000000000, # waga nr 20
  weight_20:   +1.985430971746320,  -30.000000000000000,  +30.000000000000000, # waga nr 21
endWeights


neuron:0      #neuron 0; input: 4
  actv: sbin
  conv: -1
  inp: 0, 1, 2, 3
  rng_inputs: 0, 3
  weights: 20, 15, 11, 8
  rng_weights: 0, 20
  rng_size: 4, 4

neuron:1      #neuron 1; input: 5
  actv: sbin
  conv: -1
  inp: 0, 1, 2, 3, 4
  rng_inputs: 0, 4
  weights: 3, 7, 10, 13, 11
  rng_weights: 0, 20
  rng_size: 5, 5

neuron:2      #neuron 2; input: 6
  actv: sbin
  conv: -1
  inp: 0, 1, 2, 3, 4, 5
  rng_inputs: 0, 5
  weights: 11, 3, 18, 18, 16, 9
  rng_weights: 0, 20
  rng_size: 6, 6

neuron:3      #neuron 3; input: 7
  actv: sbin
  conv: -1
  inp: 0, 1, 2, 3, 4, 5, 6
  rng_inputs: 0, 6
  weights: 9, 17, 18, 7, 4, 12, 3
  rng_weights: 0, 20
  rng_size: 7, 7

neuron:4      #neuron 4; input: 8
  actv: sbin
  conv: -1
  inp: 0, 1, 2, 3, 4, 5, 6, 7
  rng_inputs: 0, 7
  weights: 12, 19, 16, 13, 6, 13, 17, 16
  rng_weights: 0, 20
  rng_size: 8, 8

neuron:5      #neuron 5; input: 9
  actv: sbin
  conv: -1
  inp: 0, 1, 2, 3, 4, 5, 6, 7, 8
  rng_inputs: 0, 8
  weights: 4, 1, 15, 20, 11, 2, 10, 16, 8
  rng_weights: 0, 20
  rng_size: 9, 9

endNeurons
